Number for primed sets for receiver: 512
Number for primed sets for sender: 0

~~~~~~~~~~~~~~~~~~~~
Start cache communication
Stop cache communication
~~~~~~~~~~~~~~~~~~~~

Access times:
26, 28, 28, 26, 26, 26, 26, 26, 28, 28, 26, 28, 26, 28, 28, 28, 26, 28, 28, 26, 28, 28, 30, 28, 26, 24, 28, 28, 28, 26, 28, 26, 28, 28, 28, 28, 26, 28, 28, 28, 28, 28, 26, 28, 28, 28, 26, 28, 26, 28, 52, 28, 26, 28, 26, 26, 28, 26, 28, 28, 28, 28, 28, 28, 28, 28, 28, 26, 28, 26, 28, 26, 28, 28, 26, 28, 26, 28, 30, 28, 26, 28, 28, 28, 28, 28, 26, 28, 26, 26, 30, 26, 28, 26, 28, 26, 28, 26, 28, 28, 28, 26, 26, 28, 28, 26, 28, 30, 26, 28, 24, 28, 28, 28, 26, 26, 28, 26, 28, 28, 28, 28, 30, 26, 28, 28, 28, 28, 28, 28, 28, 28, 26, 26, 28, 28, 28, 28, 28, 28, 28, 28, 26, 28, 26, 28, 28, 28, 28, 28, 26, 248, 28, 24, 28, 28, 28, 26, 28, 28, 28, 28, 28, 26, 26, 26, 26, 28, 28, 28, 28, 26, 26, 28, 28, 26, 26, 28, 28, 28, 26, 28, 26, 28, 26, 28, 26, 28, 28, 28, 30, 28, 28, 28, 28, 28, 28, 28, 26, 26, 28, 28, 26, 26, 28, 28, 26, 26, 26, 26, 26, 26, 28, 28, 28, 28, 28, 28, 28, 26, 28, 28, 28, 28, 28, 26, 28, 26, 26, 28, 28, 26, 28, 26, 28, 28, 28, 28, 28, 28, 28, 238, 28, 28, 28, 28, 28, 28, 28, 28, 24, 28, 28, 28, 28, 26, 28, 26, 28, 28, 26, 28, 28, 28, 28, 28, 30, 30, 26, 30, 26, 28, 28, 28, 28, 28, 28, 26, 28, 28, 26, 26, 28, 26, 30, 26, 30, 28, 386, 28, 28, 28, 28, 26, 28, 28, 26, 28, 28, 26, 28, 28, 28, 28, 28, 28, 28, 28, 30, 26, 28, 28, 28, 26, 26, 26, 52, 370, 28, 28, 28, 26, 28, 32, 26, 26, 26, 28, 28, 26, 28, 28, 28, 28, 26, 28, 26, 26, 28, 26, 26, 28, 28, 28, 244, 26, 28, 26, 28, 28, 26, 26, 28, 28, 36, 38, 36, 28, 92, 30, 26, 26, 28, 28, 26, 28, 28, 28, 28, 26, 28, 28, 30, 28, 28, 28, 26, 28, 28, 26, 30, 28, 28, 26, 28, 26, 26, 26, 28, 28, 24, 28, 28, 26, 28, 28, 28, 28, 26, 28, 28, 28, 28, 30, 28, 26, 28, 28, 28, 24, 28, 26, 28, 26, 1170, 26, 28, 30, 26, 26, 26, 28, 28, 28, 32, 32, 32, 28, 40, 30, 28, 28, 28, 28, 26, 30, 28, 32, 28, 30, 28, 28, 26, 30, 28, 28, 30, 28, 30, 28, 28, 28, 28, 28, 26, 28, 28, 26, 26, 26, 28, 28, 26, 28, 28, 28, 28, 28, 30, 28, 26, 28, 28, 26, 26, 28, 26, 24, 28, 28, 28, 28, 26, 26, 26, 28, 26, 26, 26, 28, 28, 28, 28, 28, 28, 28, 28, 28, 28, 28, 28, 28, 28, 48, 28, 26, 28, 28, 26, 28, 244, 26, 
