6
49
36
45
23
2
37
32
4
26
11
1
15
49
13
49
20
60
40
21
9
7
31
17
16
14
12
36
27
19
5
59
39
18
32
16
62
24
62
1
20
41
31
59
34
34
20
2
20
11
60
30
50
24
31
63
40
20
54
1
30
1
0
46
23
9
21
14
29
56
63
47
33
47
19
48
20
36
52
41
11
31
25
40
19
50
24
58
37
17
25
41
51
2
31
51
29
11
0
44
20
38
63
38
9
28
56
16
19
19
61
30
25
16
29
46
26
29
53
62
58
33
33
30
4
39
56
28
47
43
41
61
46
30
30
33
55
11
53
13
27
59
58
37
5
53
42
50
12
59
45
3
31
61
56
14
62
39
33
33
29
21
8
31
24
63
54
41
17
42
48
29
2
39
17
10
31
53
38
61
46
3
63
59
19
25
30
51
60
3
35
60
44
43
6
17
36
25
2
51
58
25
4
56
39
13
9
13
59
8
32
53
47
40
35
6
41
53
44
45
41
30
4
39
36
0
10
9
4
42
14
5
16
36
40
16
11
3
26
14
27
2
4
30
62
48
56
3
49
6
56
43
5
19
25
29
